Reward Start Date,Reward End Date,Previous Eligible Builders,Current Eligible Builders,Net Growth,Growth Percentage (%)
2025-03-31 12:00:00 UTC,2025-04-02 12:00:00 UTC,2961,2973,12,0.41
2025-03-31 12:00:00 UTC,2025-04-03 12:00:00 UTC,2973,3719,746,25.09
2025-03-31 12:00:00 UTC,2025-04-04 12:00:00 UTC,3719,37678,33959,913.12
2025-03-31 12:00:00 UTC,2025-04-05 12:00:00 UTC,37678,38678,1000,2.65
2025-03-31 12:00:00 UTC,2025-04-06 12:00:00 UTC,38678,39101,423,1.09
2025-03-31 12:00:00 UTC,2025-04-07 12:00:00 UTC,39101,39895,794,2.03
2025-04-07 12:00:00 UTC,2025-04-08 12:00:00 UTC,39895,42222,2327,5.83
2025-04-07 12:00:00 UTC,2025-04-09 12:00:00 UTC,42222,43194,972,2.3
2025-04-07 12:00:00 UTC,2025-04-10 12:00:00 UTC,43194,43462,268,0.62
2025-04-07 12:00:00 UTC,2025-04-11 12:00:00 UTC,43462,43792,330,0.76
2025-04-07 12:00:00 UTC,2025-04-12 12:00:00 UTC,43792,44285,493,1.13
2025-04-07 12:00:00 UTC,2025-04-13 12:00:00 UTC,44285,44289,4,0.01
2025-04-07 12:00:00 UTC,2025-04-14 12:00:00 UTC,44289,44297,8,0.02
2025-04-14 10:00:00 UTC,2025-04-15 10:00:00 UTC,44297,44381,84,0.19
2025-04-14 10:00:00 UTC,2025-04-16 10:00:00 UTC,44381,44396,15,0.03
2025-04-14 10:00:00 UTC,2025-04-17 10:00:00 UTC,44396,44407,11,0.02
2025-04-14 10:00:00 UTC,2025-04-18 10:00:00 UTC,44407,44428,21,0.05
2025-04-14 10:00:00 UTC,2025-04-19 10:00:00 UTC,44428,44440,12,0.03
2025-04-14 10:00:00 UTC,2025-04-20 10:00:00 UTC,44440,44447,7,0.02
2025-04-14 10:00:00 UTC,2025-04-21 10:00:00 UTC,44447,44439,-8,-0.02
2025-04-21 10:00:00 UTC,2025-04-22 10:00:00 UTC,44439,44483,44,0.1
2025-04-21 10:00:00 UTC,2025-04-23 10:00:00 UTC,44483,44496,13,0.03
2025-04-21 10:00:00 UTC,2025-04-24 10:00:00 UTC,44496,44523,27,0.06
2025-04-21 10:00:00 UTC,2025-04-25 10:00:00 UTC,44523,44534,11,0.02
2025-04-21 10:00:00 UTC,2025-04-26 10:00:00 UTC,44534,44543,9,0.02
2025-04-21 10:00:00 UTC,2025-04-27 10:00:00 UTC,44543,44581,38,0.09
2025-04-21 10:00:00 UTC,2025-04-28 10:00:00 UTC,44581,44597,16,0.04
2025-04-28 10:00:00 UTC,2025-05-05 10:00:00 UTC,44597,44751,154,0.35
2025-05-05 10:00:00 UTC,2025-05-06 10:00:00 UTC,44751,44787,36,0.08
2025-05-05 10:00:00 UTC,2025-05-07 10:00:00 UTC,44787,44814,27,0.06
2025-05-05 10:00:00 UTC,2025-05-08 10:00:00 UTC,44814,44846,32,0.07
2025-05-05 10:00:00 UTC,2025-05-09 10:00:00 UTC,44846,44875,29,0.06
2025-05-05 10:00:00 UTC,2025-05-10 10:00:00 UTC,44875,44889,14,0.03
2025-05-05 10:00:00 UTC,2025-05-11 10:00:00 UTC,44889,44902,13,0.03
2025-05-05 10:00:00 UTC,2025-05-12 10:00:00 UTC,44902,44888,-14,-0.03
2025-05-12 10:00:00 UTC,2025-05-13 10:00:00 UTC,44888,44920,32,0.07
2025-05-12 10:00:00 UTC,2025-05-14 10:00:00 UTC,44920,44935,15,0.03
2025-05-12 10:00:00 UTC,2025-05-15 10:00:00 UTC,44935,44943,8,0.02
2025-05-12 10:00:00 UTC,2025-05-16 10:00:00 UTC,44943,44950,7,0.02
2025-05-12 10:00:00 UTC,2025-05-17 10:00:00 UTC,44950,44672,-278,-0.62
2025-05-12 10:00:00 UTC,2025-05-18 10:00:00 UTC,44672,44709,37,0.08
2025-05-12 10:00:00 UTC,2025-05-19 10:00:00 UTC,44709,44714,5,0.01
2025-05-19 10:00:00 UTC,2025-05-20 10:00:00 UTC,44714,46728,2014,4.5
2025-05-19 10:00:00 UTC,2025-05-21 10:00:00 UTC,46728,46736,8,0.02
2025-05-19 10:00:00 UTC,2025-05-22 10:00:00 UTC,46736,46731,-5,-0.01
2025-05-19 10:00:00 UTC,2025-05-23 10:00:00 UTC,46731,46375,-356,-0.76
2025-05-19 10:00:00 UTC,2025-05-24 10:00:00 UTC,46375,46330,-45,-0.1
2025-05-19 10:00:00 UTC,2025-05-25 10:00:00 UTC,46330,46333,3,0.01
2025-05-19 10:00:00 UTC,2025-05-26 10:00:00 UTC,46333,46333,0,0.0
2025-05-26 10:00:00 UTC,2025-05-27 10:00:00 UTC,46333,45905,-428,-0.92
2025-05-26 10:00:00 UTC,2025-05-28 10:00:00 UTC,45905,46701,796,1.73
2025-05-26 10:00:00 UTC,2025-05-29 10:00:00 UTC,46701,46841,140,0.3
2025-05-26 10:00:00 UTC,2025-05-30 10:00:00 UTC,46841,37334,-9507,-20.3
2025-05-26 10:00:00 UTC,2025-05-31 10:00:00 UTC,37334,37213,-121,-0.32
2025-05-26 10:00:00 UTC,2025-06-01 10:00:00 UTC,37213,37212,-1,-0.0
2025-05-26 10:00:00 UTC,2025-06-02 10:00:00 UTC,37212,37219,7,0.02
2025-06-02 10:00:00 UTC,2025-06-03 10:00:00 UTC,37219,37212,-7,-0.02
2025-06-02 10:00:00 UTC,2025-06-04 10:00:00 UTC,37212,37222,10,0.03
2025-06-02 10:00:00 UTC,2025-06-05 10:00:00 UTC,37222,37227,5,0.01
2025-06-02 10:00:00 UTC,2025-06-06 10:00:00 UTC,37227,35757,-1470,-3.95
2025-06-02 10:00:00 UTC,2025-06-07 10:00:00 UTC,35757,35728,-29,-0.08
2025-06-02 10:00:00 UTC,2025-06-08 10:00:00 UTC,35728,35736,8,0.02
2025-06-02 10:00:00 UTC,2025-06-09 10:00:00 UTC,35736,35735,-1,-0.0
2025-06-09 10:00:00 UTC,2025-06-10 10:00:00 UTC,35735,35745,10,0.03
2025-06-09 10:00:00 UTC,2025-06-11 10:00:00 UTC,35745,35762,17,0.05
2025-06-09 10:00:00 UTC,2025-06-12 10:00:00 UTC,35762,35766,4,0.01
2025-06-09 10:00:00 UTC,2025-06-13 10:00:00 UTC,35766,35771,5,0.01
2025-06-09 10:00:00 UTC,2025-06-14 10:00:00 UTC,35771,35775,4,0.01
2025-06-09 10:00:00 UTC,2025-06-15 10:00:00 UTC,35775,35779,4,0.01
2025-06-09 10:00:00 UTC,2025-06-16 10:00:00 UTC,35779,35780,1,0.0
2025-06-16 10:00:00 UTC,2025-06-17 10:00:00 UTC,35780,35541,-239,-0.67
2025-06-16 10:00:00 UTC,2025-06-18 10:00:00 UTC,35541,40191,4650,13.08
2025-06-16 10:00:00 UTC,2025-06-19 10:00:00 UTC,40191,40212,21,0.05
2025-06-16 10:00:00 UTC,2025-06-20 10:00:00 UTC,40212,40223,11,0.03
2025-06-16 10:00:00 UTC,2025-06-21 10:00:00 UTC,40223,40237,14,0.03
2025-06-16 10:00:00 UTC,2025-06-22 10:00:00 UTC,40237,40250,13,0.03
2025-06-16 10:00:00 UTC,2025-06-23 10:00:00 UTC,40250,49621,9371,23.28
2025-06-23 10:00:00 UTC,2025-06-24 10:00:00 UTC,49621,49642,21,0.04
2025-06-23 10:00:00 UTC,2025-06-25 10:00:00 UTC,49642,49942,300,0.6
2025-06-23 10:00:00 UTC,2025-06-26 10:00:00 UTC,49942,49998,56,0.11
2025-06-23 10:00:00 UTC,2025-06-27 10:00:00 UTC,49998,50073,75,0.15
2025-06-23 10:00:00 UTC,2025-06-28 10:00:00 UTC,50073,50262,189,0.38
2025-06-23 10:00:00 UTC,2025-06-29 10:00:00 UTC,50262,50283,21,0.04
2025-06-23 10:00:00 UTC,2025-06-30 10:00:00 UTC,50283,50293,10,0.02
2025-06-30 10:00:00 UTC,2025-07-01 10:00:00 UTC,50293,50318,25,0.05
2025-06-30 10:00:00 UTC,2025-07-02 10:00:00 UTC,50318,50575,257,0.51
2025-06-30 10:00:00 UTC,2025-07-03 10:00:00 UTC,50575,50919,344,0.68
2025-06-30 10:00:00 UTC,2025-07-04 10:00:00 UTC,50919,51122,203,0.4
2025-06-30 10:00:00 UTC,2025-07-05 10:00:00 UTC,51122,51220,98,0.19
2025-06-30 10:00:00 UTC,2025-07-06 10:00:00 UTC,51220,51302,82,0.16
2025-06-30 10:00:00 UTC,2025-07-07 10:00:00 UTC,51302,51383,81,0.16
